image: test1.pgm
resolution: 0.050000
origin: [-4.050000, -2.670000, 0.000000]
negate: 0
occupied_thresh: 0.65
free_thresh: 0.196

